@tasks 20
T0 2 1(0) 11(0)
T1 3 2(0) 3(0) 14(0)
T2 2 4(0) 8(0)
T3 2 9(0) 10(0)
T4 1 5(0)
T5 2 6(0) 7(0)
T6 1 13(0)
T7 0
T8 2 16(0) 19(0)
T9 2 12(0) 15(0)
T10 0
T11 0
T12 1 17(0)
T13 0
T14 0
T15 1 18(0)
T16 0
T17 0
T18 0
T19 0
@proc 27
67 0 1
78 0 1
29 0 1
85 0 1
57 0 1
74 0 1
47 0 1
57 0 1
59 0 1
75 0 1
68 0 1
44 0 1
41 0 1
26 0 1
47 0 1
45 0 1
20 0 1
94 0 1
41 0 1
22 0 1
29 0 1
75 0 1
30 0 1
51 0 1
73 0 1
0 0 0 
0 0 0
@times
58 65 464 732 477 168 877 393 677 182 136 963 861 713 432 538 787 672 616 570 317 814 441 948 530 292 723 
18 61 349 175 394 608 407 848 773 799 548 681 775 215 250 466 272 667 211 576 793 625 543 470 941 387 807 
16 44 334 494 506 285 812 738 208 941 582 364 246 225 173 695 771 726 233 233 275 837 507 770 660 520 257 
46 63 929 640 311 967 130 317 807 502 243 324 496 312 762 350 173 307 784 360 355 550 646 302 498 542 626 
5 16 279 721 698 625 482 728 606 754 747 807 186 647 808 935 410 704 664 129 919 932 618 823 946 822 699 
20 3 365 561 804 582 895 258 688 322 240 177 213 711 592 823 590 948 293 413 615 201 458 862 408 541 907 
59 23 558 839 214 171 454 250 816 933 942 254 915 324 164 432 383 405 784 730 963 879 662 400 505 495 601 
35 39 279 242 359 454 441 852 891 658 499 749 509 959 890 345 439 168 160 708 149 132 844 622 454 191 322 
40 1 201 885 367 931 651 840 291 267 714 593 674 426 919 605 426 186 784 731 302 752 248 880 127 533 487 
9 30 365 663 490 188 604 332 858 296 670 342 546 192 350 690 692 608 833 341 692 168 203 609 624 911 151 
51 24 268 433 333 210 487 825 852 251 723 413 743 653 848 968 248 740 659 900 487 414 885 662 408 471 944 
35 25 683 175 640 669 152 343 944 183 561 640 132 695 344 463 721 482 622 761 214 231 316 580 310 652 510 
26 70 759 752 333 251 207 309 492 523 741 227 325 514 961 927 540 376 719 778 831 760 451 525 241 206 251 
17 24 402 700 840 679 530 471 618 891 692 135 557 712 784 612 174 651 442 285 688 401 753 432 313 239 607 
14 67 543 488 286 789 159 453 548 147 791 560 955 446 927 324 170 580 606 486 196 903 719 636 901 368 588 
18 67 606 433 361 533 313 713 486 297 144 327 512 831 409 587 407 461 536 254 869 555 933 599 605 908 251 
2 33 763 730 142 791 198 267 713 196 481 864 268 174 712 445 896 816 220 737 247 856 252 200 230 968 493 
31 24 544 319 167 806 256 730 233 194 364 636 663 501 826 276 732 830 191 575 197 943 424 296 166 825 258 
67 4 143 352 268 807 601 770 927 614 651 729 571 645 428 785 690 661 436 619 948 562 522 953 490 167 250 
60 63 365 455 262 926 623 211 304 709 262 368 630 930 353 611 952 835 749 131 517 799 525 537 846 668 614 
@cost
874 518 20 50 44 17 24 51 22 26 22 55 74 64 45 82 70 52 81 81 84 57 70 26 61 36 62 
809 560 31 28 38 95 85 38 47 34 90 70 70 95 90 16 29 89 55 87 66 83 46 54 86 67 98 
963 494 63 74 94 24 90 63 92 31 34 62 67 15 41 64 32 59 48 59 69 83 56 28 57 88 99 
607 452 27 44 94 55 90 38 18 25 69 89 49 32 83 19 40 34 70 48 45 78 22 54 70 19 65 
679 568 71 38 67 15 66 73 34 33 62 87 74 90 17 63 98 21 30 56 97 73 40 87 71 29 69 
495 871 97 75 84 85 52 27 49 51 51 86 29 53 58 40 66 37 18 30 40 15 24 18 93 75 45 
828 727 59 91 37 42 41 90 33 63 100 61 37 44 93 23 54 58 25 23 33 86 83 99 44 86 39 
837 784 52 57 75 28 17 19 31 27 66 74 80 72 49 38 28 78 72 47 58 56 96 59 48 73 78 
549 925 56 70 19 46 59 85 20 67 27 66 28 34 23 68 24 70 83 62 23 45 99 67 24 98 28 
843 941 89 35 38 40 87 64 81 92 96 19 32 95 66 19 76 52 20 100 54 31 40 38 80 75 45 
803 711 97 16 82 62 58 27 63 83 36 43 68 53 60 40 49 78 77 18 57 68 54 74 20 44 50 
554 712 28 41 66 93 53 21 56 23 76 65 66 78 95 82 52 88 44 74 71 40 64 20 17 92 34 
915 635 43 51 27 71 59 31 82 30 60 44 76 63 64 97 23 79 62 17 60 32 89 68 21 54 82 
783 896 57 81 57 70 31 47 49 45 30 23 30 27 88 37 29 80 47 28 50 80 19 93 92 35 64 
824 847 41 34 99 97 73 58 58 82 61 36 49 44 66 85 42 66 84 20 73 94 67 27 61 99 15 
892 972 89 33 54 72 70 83 71 59 49 72 64 41 98 89 95 69 46 40 71 33 48 92 91 88 79 
637 834 51 98 66 66 82 76 72 44 38 93 94 44 70 57 15 93 32 88 51 38 78 20 68 58 87 
741 974 23 21 97 81 65 49 29 36 28 77 30 54 92 29 99 77 44 61 50 50 97 72 37 92 43 
886 628 19 36 48 98 75 44 28 22 19 78 97 56 90 44 34 49 63 71 31 67 49 51 40 53 35 
627 703 81 21 28 68 18 61 72 25 92 61 70 32 74 74 98 98 19 85 15 92 39 88 84 24 15 
@comm 1
CHAN0 39 6 1 1 1 1 1 1 1 1 1 1 1 1 1 1 1 1 1 1 1 1 1 1 1 1 1 1 1 
